           1           2           3           4           5           6           7           8           9          10          11          12          13          14
           2           1           3           4           6           7           8           9          10          11          12          13          14          15
           3           1           2           4           6           7           8           9          10          11          12          13          14          15
           4           1           2           3           5           6           7           8           9          10          11          12          14          15
           5           1           4           8
           6           1           2           3           4           7           8           9          10          11          12          13          15
           7           1           2           3           4           6           9          10          11          12          13          14          15
           8           1           2           3           4           5           6           9          10          11          12          13          14          15
           9           1           2           3           4           6           7           8          10          11          12          13          14          15
          10           1           2           3           4           6           7           8           9          11          12          13          15          16
          11           1           2           3           4           6           7           8           9          10          12          13          14          15
          12           1           2           3           4           6           7           8           9          10          11          13          14          15
          13           1           2           3           6           7           8           9          10          11          12          15          17          22          23
          14           1           2           3           4           7           8           9          11          12          15          16
          15           2           3           4           6           7           8           9          10          11          12          13          14
          16          10          14          17          18          19          20          21
          17          13          16          18          22          23
          18          16          17
          19          16          20          21
          20          16          19          21
          21          16          19          20
          22          13          17          23
          23          13          17          22
          24          25          26          27
          25          24          26          27
          26          24          25          27
          27          24          25          26
