 Time  Inactive  Infected  Recovered  Total(ct.)
   0.0000000000000000        1128.0000000000000        5.0000000000000000        0.0000000000000000        1133.0000000000000     
  0.10000000000000001        1126.9600000000000        5.5000000000000000       0.54000000000000004        1133.0000000000000     
  0.20000000000000001        1125.9400000000001        5.9199999999999999        1.1399999999999999        1133.0000000000002     
  0.30000000000000004        1124.2400000000000        7.2199999999999998        1.5400000000000000        1133.0000000000000     
  0.40000000000000002        1122.1600000000001        8.5000000000000000        2.3399999999999999        1133.0000000000000     
  0.50000000000000000        1120.0200000000000        9.9399999999999995        3.0400000000000000        1133.0000000000000     
  0.60000000000000009        1116.9600000000000        12.039999999999999        4.0000000000000000        1133.0000000000000     
  0.70000000000000007        1113.5200000000000        14.300000000000001        5.2000000000000002        1133.0200000000000     
  0.80000000000000004        1109.0200000000000        17.340000000000000        6.6399999999999997        1133.0000000000000     
  0.90000000000000002        1103.5400000000000        20.600000000000001        8.9000000000000004        1133.0400000000000     
   1.0000000000000000        1096.0799999999999        25.760000000000002        11.160000000000000        1133.0000000000000     
   1.1000000000000001        1088.2400000000000        30.840000000000000        13.920000000000000        1133.0000000000000     
   1.2000000000000002        1079.2800000000000        36.200000000000003        17.520000000000000        1133.0000000000000     
   1.3000000000000000        1068.6400000000001        43.140000000000001        21.219999999999999        1133.0000000000002     
   1.4000000000000001        1057.4800000000000        49.700000000000003        25.820000000000000        1133.0000000000000     
   1.5000000000000000        1045.9400000000001        55.859999999999999        31.219999999999999        1133.0200000000000     
   1.6000000000000001        1031.5400000000000        63.939999999999998        37.520000000000003        1133.0000000000000     
   1.7000000000000002        1016.9600000000000        71.799999999999997        44.240000000000002        1133.0000000000000     
   1.8000000000000000        1001.3200000000001        79.939999999999998        51.740000000000002        1133.0000000000000     
   1.9000000000000001        985.44000000000005        87.500000000000000        60.060000000000002        1133.0000000000000     
   2.0000000000000000        968.72000000000003        95.239999999999995        69.040000000000006        1133.0000000000000     
   2.1000000000000001        950.29999999999995        103.95999999999999        78.739999999999995        1133.0000000000000     
   2.2000000000000002        932.63999999999999        111.06000000000000        89.299999999999997        1133.0000000000000     
   2.3000000000000003        914.03999999999996        117.64000000000000        101.31999999999999        1133.0000000000000     
   2.4000000000000004        895.91999999999996        123.59999999999999        113.48000000000000        1133.0000000000000     
   2.5000000000000000        878.13999999999999        129.00000000000000        125.86000000000000        1133.0000000000000     
   2.6000000000000001        858.75999999999999        135.22000000000000        139.02000000000001        1133.0000000000000     
   2.7000000000000002        841.67999999999995        138.47999999999999        152.84000000000000        1133.0000000000000     
   2.8000000000000003        824.27999999999997        142.52000000000001        166.19999999999999        1133.0000000000000     
   2.9000000000000004        808.13999999999999        144.58000000000001        180.28000000000000        1133.0000000000000     
   3.0000000000000000        792.77999999999997        145.69999999999999        194.52000000000001        1133.0000000000000     
   3.1000000000000001        778.27999999999997        146.24000000000001        208.50000000000000        1133.0200000000000     
   3.2000000000000002        765.00000000000000        144.80000000000001        223.19999999999999        1133.0000000000000     
   3.3000000000000003        751.38000000000000        143.22000000000000        238.40000000000001        1133.0000000000000     
   3.4000000000000004        738.60000000000002        141.88000000000000        252.52000000000001        1133.0000000000000     
   3.5000000000000000        726.62000000000000        139.38000000000000        267.00000000000000        1133.0000000000000     
   3.6000000000000001        715.36000000000001        136.81999999999999        280.81999999999999        1133.0000000000000     
   3.7000000000000002        705.34000000000003        133.28000000000000        294.38000000000000        1133.0000000000000     
   3.8000000000000003        695.32000000000005        129.74000000000001        307.94000000000000        1133.0000000000000     
   3.9000000000000004        686.51999999999998        125.09999999999999        321.38000000000000        1133.0000000000000     
   4.0000000000000000        678.58000000000004        120.34000000000000        334.07999999999998        1133.0000000000000     
   4.1000000000000005        671.13999999999999        115.81999999999999        346.04000000000002        1133.0000000000000     
   4.2000000000000002        664.12000000000000        111.34000000000000        357.54000000000002        1133.0000000000000     
   4.2999999999999998        657.58000000000004        106.09999999999999        369.31999999999999        1133.0000000000000     
   4.4000000000000004        650.84000000000003        101.66000000000000        380.50000000000000        1133.0000000000000     
   4.5000000000000000        645.44000000000005        96.900000000000006        390.68000000000001        1133.0200000000000     
   4.6000000000000005        640.29999999999995        92.819999999999993        399.88000000000000        1133.0000000000000     
   4.7000000000000002        635.44000000000005        88.620000000000005        408.94000000000000        1133.0000000000000     
   4.8000000000000007        630.88000000000000        85.040000000000006        417.07999999999998        1133.0000000000000     
   4.9000000000000004        626.60000000000002        80.500000000000000        425.89999999999998        1133.0000000000000     
   5.0000000000000000        622.96000000000004        75.900000000000006        434.13999999999999        1133.0000000000000     
   5.1000000000000005        619.74000000000001        72.040000000000006        441.22000000000003        1133.0000000000000     
   5.2000000000000002        616.44000000000005        68.340000000000003        448.22000000000003        1133.0000000000000     
   5.3000000000000007        613.39999999999998        64.840000000000003        454.75999999999999        1133.0000000000000     
   5.4000000000000004        611.12000000000000        60.399999999999999        461.48000000000002        1133.0000000000000     
   5.5000000000000000        608.62000000000000        57.299999999999997        467.07999999999998        1133.0000000000000     
   5.6000000000000005        606.38000000000000        54.460000000000001        472.16000000000003        1133.0000000000000     
   5.7000000000000002        604.20000000000005        50.979999999999997        477.81999999999999        1133.0000000000000     
   5.8000000000000007        602.12000000000000        48.140000000000001        482.74000000000001        1133.0000000000000     
   5.9000000000000004        600.12000000000000        45.240000000000002        487.63999999999999        1133.0000000000000     
   6.0000000000000000        598.13999999999999        42.659999999999997        492.19999999999999        1133.0000000000000     
   6.1000000000000005        596.86000000000001        39.340000000000003        496.80000000000001        1133.0000000000000     
   6.2000000000000002        595.32000000000005        37.039999999999999        500.63999999999999        1133.0000000000000     
   6.3000000000000007        593.96000000000004        34.500000000000000        504.54000000000002        1133.0000000000000     
   6.4000000000000004        592.72000000000003        32.219999999999999        508.06000000000000        1133.0000000000000     
   6.5000000000000000        591.51999999999998        30.379999999999999        511.10000000000002        1133.0000000000000     
   6.6000000000000005        590.72000000000003        28.520000000000000        513.75999999999999        1133.0000000000000     
   6.7000000000000002        589.84000000000003        26.680000000000000        516.48000000000002        1133.0000000000000     
   6.8000000000000007        588.98000000000002        25.280000000000001        518.74000000000001        1133.0000000000000     
   6.9000000000000004        588.01999999999998        23.960000000000001        521.01999999999998        1133.0000000000000     
   7.0000000000000000        587.32000000000005        22.640000000000001        523.03999999999996        1133.0000000000000     
   7.1000000000000005        586.34000000000003        21.379999999999999        525.27999999999997        1133.0000000000000     
   7.2000000000000002        585.36000000000001        20.340000000000000        527.29999999999995        1133.0000000000000     
   7.3000000000000007        584.67999999999995        19.100000000000001        529.22000000000003        1133.0000000000000     
   7.4000000000000004        584.05999999999995        17.859999999999999        531.08000000000004        1133.0000000000000     
   7.5000000000000000        583.39999999999998        17.020000000000000        532.58000000000004        1133.0000000000000     
   7.6000000000000005        582.94000000000005        15.699999999999999        534.36000000000001        1133.0000000000000     
   7.7000000000000002        582.46000000000004        14.820000000000000        535.72000000000003        1133.0000000000000     
   7.8000000000000007        582.01999999999998        13.619999999999999        537.36000000000001        1133.0000000000000     
   7.9000000000000004        581.84000000000003        12.440000000000000        538.72000000000003        1133.0000000000000     
   8.0000000000000000        581.34000000000003        11.680000000000000        539.98000000000002        1133.0000000000000     
   8.0999999999999996        581.03999999999996        10.800000000000001        541.15999999999997        1133.0000000000000     
   8.2000000000000011        580.74000000000001        10.119999999999999        542.13999999999999        1133.0000000000000     
   8.3000000000000007        580.58000000000004        9.2599999999999998        543.17999999999995        1133.0200000000000     
   8.4000000000000004        580.38000000000000        8.8000000000000007        543.82000000000005        1133.0000000000000     
   8.5000000000000000        580.17999999999995        8.1600000000000001        544.65999999999997        1133.0000000000000     
   8.5999999999999996        580.03999999999996        7.5999999999999996        545.36000000000001        1133.0000000000000     
   8.7000000000000011        579.84000000000003        7.1399999999999997        546.01999999999998        1133.0000000000000     
   8.8000000000000007        579.63999999999999        6.8399999999999999        546.51999999999998        1133.0000000000000     
   8.9000000000000004        579.32000000000005        6.3200000000000003        547.36000000000001        1133.0000000000000     
   9.0000000000000000        579.20000000000005        5.9199999999999999        547.88000000000000        1133.0000000000000     
   9.0999999999999996        579.08000000000004        5.4800000000000004        548.46000000000004        1133.0200000000000     
   9.2000000000000011        578.96000000000004        4.9600000000000000        549.08000000000004        1133.0000000000000     
   9.3000000000000007        578.86000000000001        4.6200000000000001        549.53999999999996        1133.0200000000000     
   9.4000000000000004        578.75999999999999        4.3600000000000003        549.91999999999996        1133.0400000000000     
   9.5000000000000000        578.62000000000000        4.1399999999999997        550.25999999999999        1133.0200000000000     
   9.6000000000000014        578.60000000000002        3.8599999999999999        550.55999999999995        1133.0200000000000     
   9.7000000000000011        578.50000000000000        3.6400000000000001        550.86000000000001        1133.0000000000000     
   9.8000000000000007        578.44000000000005        3.4399999999999999        551.13999999999999        1133.0200000000000     
   9.9000000000000004        578.34000000000003        3.2000000000000002        551.46000000000004        1133.0000000000000     
   10.000000000000000        578.25999999999999        3.1000000000000001        551.70000000000005        1133.0599999999999     
   10.100000000000001        578.22000000000003        2.8999999999999999        551.89999999999998        1133.0200000000000     
   10.200000000000001        578.08000000000004        2.7799999999999998        552.15999999999997        1133.0200000000000     
   10.300000000000001        578.03999999999996        2.5400000000000000        552.46000000000004        1133.0400000000000     
   10.400000000000000        578.03999999999996        2.2400000000000002        552.72000000000003        1133.0000000000000     
   10.500000000000000        578.01999999999998        2.1600000000000001        552.82000000000005        1133.0000000000000     
   10.600000000000001        577.96000000000004        2.1600000000000001        552.88000000000000        1133.0000000000000     
   10.700000000000001        577.88000000000000        2.0000000000000000        553.13999999999999        1133.0200000000000     
   10.800000000000001        577.86000000000001        1.8799999999999999        553.27999999999997        1133.0200000000000     
   10.900000000000000        577.84000000000003        1.7600000000000000        553.44000000000005        1133.0400000000000     
   11.000000000000000        577.84000000000003        1.6000000000000001        553.55999999999995        1133.0000000000000     
   11.100000000000001        577.77999999999997        1.5800000000000001        553.67999999999995        1133.0400000000000     
   11.200000000000001        577.72000000000003        1.5400000000000000        553.75999999999999        1133.0200000000000     
   11.300000000000001        577.67999999999995        1.4199999999999999        553.91999999999996        1133.0200000000000     
   11.400000000000000        577.63999999999999        1.2800000000000000        554.08000000000004        1133.0000000000000     
   11.500000000000000        577.62000000000000        1.1399999999999999        554.25999999999999        1133.0200000000000     
   11.600000000000001        577.62000000000000        1.0200000000000000        554.36000000000001        1133.0000000000000     
   11.700000000000001        577.60000000000002        1.0200000000000000        554.39999999999998        1133.0200000000000     
   11.800000000000001        577.60000000000002       0.93999999999999995        554.48000000000002        1133.0200000000000     
   11.900000000000000        577.60000000000002       0.83999999999999997        554.60000000000002        1133.0400000000000     
   12.000000000000000        577.60000000000002       0.71999999999999997        554.70000000000005        1133.0200000000000     
   12.100000000000001        577.60000000000002       0.59999999999999998        554.82000000000005        1133.0200000000000     
   12.200000000000001        577.60000000000002       0.50000000000000000        554.91999999999996        1133.0200000000000     
   12.300000000000001        577.60000000000002       0.46000000000000002        554.98000000000002        1133.0400000000000     
   12.400000000000000        577.60000000000002       0.38000000000000000        555.05999999999995        1133.0400000000000     
   12.500000000000000        577.58000000000004       0.35999999999999999        555.05999999999995        1133.0000000000000     
   12.600000000000001        577.58000000000004       0.32000000000000001        555.10000000000002        1133.0000000000000     
   12.700000000000001        577.55999999999995       0.34000000000000002        555.10000000000002        1133.0000000000000     
   12.800000000000001        577.55999999999995       0.29999999999999999        555.13999999999999        1133.0000000000000     
   12.900000000000000        577.55999999999995       0.29999999999999999        555.13999999999999        1133.0000000000000     
   13.000000000000000        577.55999999999995       0.29999999999999999        555.15999999999997        1133.0200000000000     
   13.100000000000001        577.55999999999995       0.26000000000000001        555.17999999999995        1133.0000000000000     
   13.200000000000001        577.55999999999995       0.26000000000000001        555.20000000000005        1133.0200000000000     
   13.300000000000001        577.55999999999995       0.22000000000000000        555.24000000000001        1133.0200000000000     
   13.400000000000000        577.55999999999995       0.20000000000000001        555.25999999999999        1133.0200000000000     
   13.500000000000000        577.55999999999995       0.17999999999999999        555.25999999999999        1133.0000000000000     
   13.600000000000001        577.55999999999995       0.16000000000000000        555.27999999999997        1133.0000000000000     
   13.700000000000001        577.55999999999995       0.16000000000000000        555.27999999999997        1133.0000000000000     
   13.800000000000001        577.55999999999995       0.16000000000000000        555.29999999999995        1133.0200000000000     
   13.900000000000000        577.55999999999995       0.14000000000000001        555.29999999999995        1133.0000000000000     
   14.000000000000000        577.55999999999995       0.14000000000000001        555.29999999999995        1133.0000000000000     
   14.100000000000001        577.55999999999995       0.14000000000000001        555.29999999999995        1133.0000000000000     
   14.200000000000001        577.55999999999995       0.14000000000000001        555.29999999999995        1133.0000000000000     
   14.300000000000001        577.55999999999995       0.12000000000000000        555.34000000000003        1133.0200000000000     
   14.400000000000000        577.55999999999995       0.10000000000000001        555.38000000000000        1133.0400000000000     
   14.500000000000000        577.55999999999995        5.9999999999999998E-002   555.38000000000000        1133.0000000000000     
   14.600000000000001        577.55999999999995        5.9999999999999998E-002   555.38000000000000        1133.0000000000000     
   14.700000000000001        577.55999999999995        5.9999999999999998E-002   555.39999999999998        1133.0200000000000     
   14.800000000000001        577.55999999999995        4.0000000000000001E-002   555.39999999999998        1133.0000000000000     
   14.900000000000000        577.55999999999995        4.0000000000000001E-002   555.41999999999996        1133.0200000000000     
   15.000000000000000        577.55999999999995        2.0000000000000000E-002   555.41999999999996        1133.0000000000000     
   15.100000000000001        577.55999999999995        2.0000000000000000E-002   555.41999999999996        1133.0000000000000     
   15.200000000000001        577.55999999999995        2.0000000000000000E-002   555.41999999999996        1133.0000000000000     
   15.300000000000001        577.55999999999995        2.0000000000000000E-002   555.41999999999996        1133.0000000000000     
   15.400000000000000        577.55999999999995        2.0000000000000000E-002   555.41999999999996        1133.0000000000000     
   15.500000000000000        577.55999999999995        2.0000000000000000E-002   555.41999999999996        1133.0000000000000     
   15.600000000000001        577.55999999999995        2.0000000000000000E-002   555.41999999999996        1133.0000000000000     
   15.700000000000001        577.55999999999995        2.0000000000000000E-002   555.41999999999996        1133.0000000000000     
   15.800000000000001        577.55999999999995        2.0000000000000000E-002   555.44000000000005        1133.0200000000000     
   15.900000000000000        577.55999999999995        0.0000000000000000        555.44000000000005        1133.0000000000000     
   16.000000000000000        577.55999999999995        0.0000000000000000        555.44000000000005        1133.0000000000000     
   16.100000000000001        577.55999999999995        0.0000000000000000        555.44000000000005        1133.0000000000000     
   16.199999999999999        577.55999999999995        0.0000000000000000        555.44000000000005        1133.0000000000000     
   16.300000000000001        577.55999999999995        0.0000000000000000        555.44000000000005        1133.0000000000000     
   16.400000000000002        577.55999999999995        0.0000000000000000        555.44000000000005        1133.0000000000000     
   16.500000000000000        577.55999999999995        0.0000000000000000        555.44000000000005        1133.0000000000000     
   16.600000000000001        577.55999999999995        0.0000000000000000        555.44000000000005        1133.0000000000000     
   16.699999999999999        577.55999999999995        0.0000000000000000        555.44000000000005        1133.0000000000000     
   16.800000000000001        577.55999999999995        0.0000000000000000        555.44000000000005        1133.0000000000000     
   16.900000000000002        577.55999999999995        0.0000000000000000        555.44000000000005        1133.0000000000000     
   17.000000000000000        577.55999999999995        0.0000000000000000        555.44000000000005        1133.0000000000000     
   17.100000000000001        577.55999999999995        0.0000000000000000        555.44000000000005        1133.0000000000000     
   17.199999999999999        577.55999999999995        0.0000000000000000        555.44000000000005        1133.0000000000000     
   17.300000000000001        577.55999999999995        0.0000000000000000        555.44000000000005        1133.0000000000000     
   17.400000000000002        577.55999999999995        0.0000000000000000        555.44000000000005        1133.0000000000000     
   17.500000000000000        577.55999999999995        0.0000000000000000        555.44000000000005        1133.0000000000000     
   17.600000000000001        577.55999999999995        0.0000000000000000        555.44000000000005        1133.0000000000000     
   17.699999999999999        577.55999999999995        0.0000000000000000        555.44000000000005        1133.0000000000000     
   17.800000000000001        577.55999999999995        0.0000000000000000        555.44000000000005        1133.0000000000000     
   17.900000000000002        577.55999999999995        0.0000000000000000        555.44000000000005        1133.0000000000000     
   18.000000000000000        577.55999999999995        0.0000000000000000        555.44000000000005        1133.0000000000000     
   18.100000000000001        577.55999999999995        0.0000000000000000        555.44000000000005        1133.0000000000000     
   18.199999999999999        577.55999999999995        0.0000000000000000        555.44000000000005        1133.0000000000000     
   18.300000000000001        577.55999999999995        0.0000000000000000        555.44000000000005        1133.0000000000000     
   18.400000000000002        577.55999999999995        0.0000000000000000        555.44000000000005        1133.0000000000000     
   18.500000000000000        577.55999999999995        0.0000000000000000        555.44000000000005        1133.0000000000000     
   18.600000000000001        577.55999999999995        0.0000000000000000        555.44000000000005        1133.0000000000000     
   18.699999999999999        577.55999999999995        0.0000000000000000        555.44000000000005        1133.0000000000000     
   18.800000000000001        577.55999999999995        0.0000000000000000        555.44000000000005        1133.0000000000000     
   18.900000000000002        577.55999999999995        0.0000000000000000        555.44000000000005        1133.0000000000000     
   19.000000000000000        577.55999999999995        0.0000000000000000        555.44000000000005        1133.0000000000000     
   19.100000000000001        577.55999999999995        0.0000000000000000        555.44000000000005        1133.0000000000000     
   19.200000000000003        577.55999999999995        0.0000000000000000        555.44000000000005        1133.0000000000000     
   19.300000000000001        577.55999999999995        0.0000000000000000        555.44000000000005        1133.0000000000000     
   19.400000000000002        577.55999999999995        0.0000000000000000        555.44000000000005        1133.0000000000000     
   19.500000000000000        577.55999999999995        0.0000000000000000        555.44000000000005        1133.0000000000000     
   19.600000000000001        577.55999999999995        0.0000000000000000        555.44000000000005        1133.0000000000000     
   19.700000000000003        577.55999999999995        0.0000000000000000        555.44000000000005        1133.0000000000000     
   19.800000000000001        577.55999999999995        0.0000000000000000        555.44000000000005        1133.0000000000000     
   19.900000000000002        577.55999999999995        0.0000000000000000        555.44000000000005        1133.0000000000000     
